depth	age	d18O	d13C	
167.9	7574.6	-9.86	-5.41	
167.94	7575.7	-10.02	-5.75	
168.03	7578	-10	-5.68	
168.12	7580.3	-10.04	-5.73	
168.21	7582.6	-9.93	-5.61	
168.3	7584.9	-10.03	-5.51	
168.39	7587.2	-9.75	-5.88	
168.48	7589.6	-10	-5.74	
168.57	7591.9	-9.58	-5.82	
168.66	7594.3	-9.97	-5.81	
168.75	7596.7	-9.99	-5.98	
168.84	7599.1	-10.12	-5.98	
168.93	7601.5	-9.84	-6.07	
169.02	7603.9	-10	-5.99	
169.2	7608.8	-10.01	-5.94	
169.29	7611.2	-9.93	-6.07	
169.38	7613.7	-10.13	-5.88	
169.46	7616.2	-10.04	-5.94	
169.55	7618.7	-10.04	-5.82	
169.64	7621.2	-9.96	-5.75	
169.73	7623.7	-10.06	-5.73	
169.91	7628.7	-9.95	-5.56	
170	7631.2	-9.86	-5.63	
170.09	7633.8	-10.11	-5.44	
170.18	7636.3	-10.02	-5.24	
170.27	7638.9	-9.91	-5.43	
170.36	7641.5	-9.73	-5.43	
170.45	7644	-9.9	-5.31	
170.63	7649.2	-9.67	-5.28	
170.72	7651.8	-9.35	-5.1	
170.81	7654.4	-9.36	-4.83	
170.89	7657	-9.74	-4.81	
170.98	7659.7	-9.83	-5.19	
171.07	7662.3	-9.63	-5.26	
171.16	7664.9	-9.84	-5.52	
171.25	7667.6	-9.63	-5.53	
171.34	7670.2	-9.79	-5.48	
171.43	7672.9	-9.8	-5.62	
171.52	7675.6	-9.92	-5.59	
171.61	7678.2	-9.89	-5.67	
171.7	7680.9	-10	-5.39	
171.79	7683.6	-10	-5.27	
171.88	7686.3	-10.12	-5.18	
171.97	7688.9	-9.78	-5.07	
172.06	7691.6	-10.11	-5.7	
172.15	7694.3	-9.8	-5.29	
172.24	7697	-10.32	-5.55	
172.33	7699.7	-9.59	-5.09	
172.41	7702.4	-9.82	-5.01	
172.5	7705.2	-9.82	-5.14	
172.59	7707.9	-10.11	-5.48	
172.68	7710.6	-9.71	-5.56	
172.77	7713.3	-10.32	-5.55	
172.86	7716	-9.74	-5.24	
172.95	7718.7	-9.78	-4.94	
173.04	7721.5	-9.53	-4.82	
173.13	7724.2	-9.76	-4.72	
173.22	7726.9	-9.45	-4.49	
173.31	7729.7	-9.83	-4.56	
173.4	7732.4	-9.7	-4.66	
173.49	7735.1	-9.71	-4.51	
173.58	7737.9	-9.46	-4.13	
173.67	7740.6	-9.73	-4.38	
173.76	7743.3	-9.5	-4.34	
173.85	7746.1	-9.65	-5.02	
173.93	7748.8	-9.65	-4.98	
174.02	7751.5	-9.86	-5.18	
174.11	7754.3	-9.76	-5.18	
174.2	7757	-10.27	-5.15	
174.29	7759.7	-10	-5.37	
174.38	7762.5	-10.14	-5.36	
174.47	7765.2	-9.79	-5.66	
174.56	7767.9	-10.23	-5.73	
174.65	7770.7	-9.89	-5.63	
174.74	7773.4	-10.16	-5.62	
174.83	7776.1	-9.9	-5.53	
174.92	7778.8	-10.05	-5.3	
175.01	7781.6	-9.82	-5.28	
175.05	7782.9	-10.12	-5.5	
175.1	7784.3	-10.14	-5.59	
175.14	7785.6	-9.9	-5.63	
175.19	7787	-9.83	-5.51	
175.23	7788.4	-10.08	-5.65	
175.28	7789.7	-10.27	-5.61	
175.32	7791.1	-10.03	-5.7	
175.36	7792.5	-10.02	-5.62	
175.41	7793.8	-10.41	-5.93	
175.45	7795.2	-10.52	-5.94	
175.5	7796.6	-10.18	-6.13	
175.54	7798	-10.1	-6.21	
175.59	7799.3	-10.3	-6.19	
175.63	7800.7	-10.13	-5.97	
175.68	7802.1	-9.9	-5.88	
175.72	7803.5	-9.85	-5.68	
175.77	7804.9	-10.19	-5.83	
175.81	7806.2	-10.21	-6	
175.86	7807.6	-9.96	-5.88	
175.9	7809	-9.95	-6.05	
175.95	7810.4	-10.06	-5.95	
175.99	7811.8	-10.07	-5.7	
176.04	7813.2	-9.61	-5.39	
176.08	7814.6	-9.7	-5.37	
176.12	7816	-9.84	-5.37	
176.17	7817.4	-9.78	-5.35	
176.21	7818.8	-9.51	-5.57	
176.26	7820.2	-9.7	-5.87	
176.3	7821.7	-10.13	-6.38	
176.35	7823.1	-9.9	-6.18	
176.39	7824.5	-9.82	-6.24	
176.44	7825.9	-9.83	-5.86	
176.48	7827.3	-10.05	-5.79	
176.53	7828.8	-9.99	-5.02	
176.57	7830.2	-9.81	-5.21	
176.62	7831.7	-9.86	-4.66	
176.66	7833.1	-10.12	-4.94	
176.71	7834.6	-10.15	-4.76	
176.75	7836	-9.98	-5.02	
176.8	7837.5	-9.89	-5.06	
176.84	7838.9	-10.15	-5.19	
176.88	7840.4	-10.05	-5.11	
176.93	7841.9	-9.83	-5.32	
176.97	7843.3	-9.74	-5.27	
177.02	7844.8	-9.94	-5.49	
177.06	7846.3	-9.99	-5.45	
177.11	7847.8	-9.78	-5.66	
177.15	7849.3	-9.98	-5.67	
177.2	7850.8	-10.28	-5.88	
177.24	7852.3	-10.17	-5.88	
177.29	7853.8	-9.96	-5.78	
177.33	7855.3	-9.92	-5.48	
177.38	7856.8	-9.94	-5.21	
177.42	7858.4	-10.01	-5.1	
177.47	7859.9	-9.83	-4.71	
177.51	7861.4	-9.69	-4.5	
177.56	7863	-9.94	-4.4	
177.6	7864.5	-9.89	-4.04	
177.64	7866.1	-9.74	-4	
177.69	7867.7	-9.61	-4.03	
177.73	7869.2	-9.83	-4.4	
177.78	7870.8	-9.8	-4.42	
177.82	7872.4	-9.59	-4.6	
177.87	7874	-9.58	-4.84	
177.91	7875.6	-9.8	-5.07	
177.96	7877.2	-9.68	-4.51	
178	7878.8	-9.65	-4.5	
178.05	7880.4	-9.76	-4.57	
178.09	7882	-9.91	-4.72	
178.14	7883.7	-9.73	-4.77	
178.18	7885.4	-9.85	-4.96	
178.23	7887.1	-9.72	-4.85	
178.27	7888.9	-9.91	-4.96	
178.32	7890.6	-9.84	-4.86	
178.36	7892.5	-9.75	-4.66	
178.4	7894.3	-9.67	-4.35	
178.45	7896.2	-9.93	-4.54	
178.49	7898.1	-9.71	-4.48	
178.54	7900	-9.89	-4.79	
178.58	7902	-9.95	-5.03	
178.63	7903.9	-10.12	-5.2	
178.67	7905.9	-10.05	-5.06	
178.72	7908	-9.99	-4.95	
178.76	7910	-9.99	-4.77	
178.81	7912.1	-10.14	-4.76	
178.85	7914.1	-10.06	-4.55	
178.9	7916.2	-9.95	-4.58	
178.94	7918.3	-9.9	-4.58	
178.99	7920.5	-10.23	-4.97	
179.03	7922.6	-10.23	-5.08	
179.07	7924.8	-10.17	-5.19	
179.12	7927	-10.15	-5.42	
179.16	7929.1	-10.27	-5.34	
179.21	7931.3	-10.14	-5.13	
179.25	7933.6	-9.97	-5.44	
179.3	7935.8	-9.91	-5.45	
179.34	7938	-9.99	-5.63	
179.39	7940.2	-10.02	-5.69	
179.43	7942.5	-9.72	-5.45	
179.48	7944.7	-9.71	-5.47	
179.52	7947	-10.17	-5.71	
179.57	7949.2	-10.25	-5.52	
179.61	7951.5	-10.13	-5.78	
179.66	7953.7	-10.15	-5.71	
179.7	7956	-10.37	-5.92	
179.75	7958.2	-10.21	-5.74	
179.79	7960.5	-10.05	-5.76	
179.83	7962.7	-9.95	-5.49	
179.88	7965	-9.87	-5.39	
179.92	7967.2	-10.11	-5.57	
179.97	7969.5	-10.06	-6.01	
180.01	7971.7	-10.01	-6.1	
180.1	7976.1	-10.05	-6.23	
180.15	7978.3	-9.74	-6.25	
180.19	7980.5	-9.91	-6.28	
180.24	7982.7	-10.2	-6.36	
180.28	7984.9	-10.06	-6.21	
180.33	7987	-9.79	-5.65	
180.37	7989.2	-9.92	-5.77	
180.42	7991.3	-10.05	-5.8	
180.46	7993.4	-9.92	-5.55	
180.51	7995.5	-9.77	-5.73	
180.55	7997.6	-9.79	-5.66	
180.59	7999.6	-9.77	-5.56	
180.64	8001.7	-9.84	-5.65	
180.68	8003.7	-9.76	-5.62	
180.73	8005.7	-9.72	-5.61	
180.77	8007.7	-9.75	-5.87	
180.82	8009.6	-9.92	-5.95	
180.86	8011.5	-9.72	-5.94	
180.91	8013.5	-9.82	-6.2	
180.95	8015.4	-10	-6.35	
181	8017.3	-10.11	-6.42	
181.04	8019.2	-10.06	-6.43	
181.09	8021.1	-10.04	-6.46	
181.13	8023	-9.99	-6.49	
181.18	8024.9	-10.11	-6.41	
181.22	8026.8	-9.9	-6.21	
181.27	8028.7	-9.8	-5.8	
181.31	8030.6	-10.03	-5.7	
181.35	8032.5	-10.06	-5.55	
181.4	8034.4	-10.01	-5.72	
181.44	8036.3	-9.96	-5.72	
181.49	8038.2	-9.95	-5.75	
181.53	8040.1	-9.86	-5.79	
181.58	8042	-9.81	-5.89	
181.62	8043.9	-9.8	-6.11	
181.67	8045.8	-9.64	-6.1	
181.71	8047.7	-9.79	-6.15	
181.76	8049.6	-9.76	-5.97	
181.8	8051.5	-9.78	-5.8	
181.85	8053.4	-9.76	-5.38	
181.89	8055.3	-9.72	-5.42	
181.94	8057.3	-9.49	-5.6	
181.98	8059.2	-9.29	-5.62	
182.03	8061.2	-9.57	-5.75	
182.07	8063.1	-9.78	-5.84	
182.11	8065.1	-9.71	-5.51	
182.16	8067	-9.67	-5.9	
182.2	8069	-9.66	-5.86	
182.25	8071	-9.68	-5.97	
182.29	8073	-9.56	-5.87	
182.34	8075	-9.59	-5.86	
182.38	8077	-9.73	-5.78	
182.43	8079	-9.88	-5.76	
182.47	8081.1	-9.81	-5.85	
182.52	8083.1	-9.82	-6.11	
182.56	8085.2	-9.78	-6.23	
182.61	8087.2	-9.7	-6.36	
182.65	8089.3	-9.59	-6.49	
182.7	8091.4	-9.6	-6.72	
182.74	8093.5	-9.5	-6.8	
182.79	8095.7	-9.6	-6.92	
182.83	8097.8	-9.52	-6.85	
182.87	8100	-9.46	-6.75	
182.92	8102.2	-9.55	-6.73	
182.96	8104.3	-9.59	-6.57	
183.01	8106.6	-9.66	-6.51	
183.05	8108.8	-9.7	-6.62	
183.1	8111	-9.67	-6.54	
183.14	8113.3	-9.67	-6.78	
183.19	8115.6	-9.48	-6.63	
183.23	8117.9	-9.28	-6.48	
183.28	8120.2	-9.11	-6.52	
183.32	8122.6	-9.07	-6.39	
183.37	8124.9	-9.07	-6.23	
183.41	8127.3	-8.95	-5.85	
183.46	8129.7	-9.09	-5.41	
183.5	8132.2	-9.02	-5.02	
183.54	8134.7	-9.06	-4.84	
183.59	8137.3	-9.1	-4.74	
183.63	8140	-9.1	-4.68	
183.68	8142.7	-9.09	-4.67	
183.72	8145.6	-9.25	-4.73	
183.77	8148.5	-9.2	-5.25	
183.81	8151.5	-9.37	-5.56	
183.86	8154.5	-9.25	-5.68	
183.9	8157.6	-9.24	-5.83	
183.95	8160.8	-9.23	-5.91	
183.99	8164	-9.24	-6.01	
184.04	8167.3	-9.24	-5.97	
184.08	8170.6	-9.22	-5.95	
184.13	8174	-9.16	-6.27	
184.17	8177.5	-9.17	-6.44	
184.22	8181	-9.21	-6.52	
184.26	8184.5	-9.16	-6.71	
184.3	8188.1	-9.34	-6.82	
184.35	8191.7	-9.21	-6.6	
184.39	8195.4	-9.14	-6.48	
184.44	8199.1	-9.2	-6.39	
184.48	8202.8	-9.18	-6.29	
184.53	8206.6	-9.19	-6.07	
184.57	8210.4	-9.12	-5.63	
184.62	8214.2	-9.11	-5.44	
184.66	8218	-9.4	-5.75	
184.71	8221.9	-9.16	-5.72	
184.75	8225.8	-9.2	-5.97	
184.8	8229.7	-9.08	-6.2	
184.84	8233.6	-9.03	-6.1	
184.89	8237.5	-8.84	-5.85	
184.93	8241.5	-9.02	-5.86	
184.98	8245.4	-8.94	-5.89	
185.02	8249.4	-9.45	-6.28	
185.06	8253.3	-9.34	-6.65	
185.11	8257.3	-9.34	-6.73	
185.15	8261.2	-9.26	-6.57	
185.2	8265.2	-9.43	-6.66	
185.24	8269.1	-9.3	-6.31	
185.29	8273.1	-9.32	-6.24	
185.33	8277	-9.27	-6.26	
185.38	8280.9	-9.37	-6.3	
185.42	8284.8	-9.41	-6.36	
185.47	8288.6	-9.58	-6.54	
185.51	8292.5	-9.72	-6.83	
185.56	8296.3	-9.88	-6.93	
185.6	8300.1	-9.68	-6.71	
185.65	8303.9	-9.58	-6.37	
185.69	8307.6	-9.6	-6.23	
185.74	8311.4	-9.87	-6.38	
185.78	8315	-9.81	-6.66	
185.82	8318.7	-9.65	-7.03	
185.87	8322.3	-9.82	-7.39	
185.91	8325.8	-9.83	-7.35	
185.96	8329.3	-9.69	-7.39	
186	8332.8	-9.74	-7.12	
186.05	8336.2	-9.78	-6.16	
186.09	8339.6	-9.89	-6.55	
186.14	8342.9	-9.85	-5.96	
186.18	8346.2	-9.91	-5.9	
186.23	8349.4	-9.82	-6.26	
186.27	8352.5	-9.97	-6.44	
186.32	8355.6	-9.79	-6.06	
186.36	8358.6	-9.95	-5.27	
186.41	8361.5	-9.86	-5.06	
186.45	8364.4	-10.03	-4.83	
186.5	8367.2	-9.88	-4.14	
186.54	8369.9	-10.04	-3.74	
186.58	8372.5	-10.04	-3.84	
186.67	8377.6	-10.02	-3.64	
186.72	8380.2	-9.96	-3.73	
186.76	8382.8	-9.89	-3.99	
186.81	8385.3	-10.05	-4.44	
186.85	8387.9	-9.89	-4.28	
186.9	8390.4	-9.98	-4.55	
186.94	8392.9	-9.77	-4.48	
186.99	8395.5	-9.91	-4.81	
187.03	8398	-9.77	-4.92	
187.08	8400.5	-9.87	-4.79	
187.12	8403	-9.92	-3.96	
187.17	8405.5	-10.06	-4.48	
187.21	8408	-9.95	-4.41	
187.26	8410.4	-9.92	-4.48	
187.3	8412.9	-9.73	-4.6	
187.34	8415.4	-9.99	-4.78	
187.39	8417.8	-9.72	-4.7	
187.43	8420.3	-9.75	-4.57	
187.48	8422.7	-9.6	-4.83	
187.52	8425.1	-9.86	-5.03	
187.57	8427.5	-9.73	-5.24	
187.61	8429.9	-9.85	-5.38	
187.66	8432.3	-9.8	-5.6	
187.7	8434.7	-9.97	-5.67	
187.75	8437.1	-9.66	-5.44	
187.79	8439.4	-9.75	-5.64	
187.84	8441.8	-9.7	-5.4	
187.88	8444.1	-9.82	-5.53	
187.93	8446.4	-9.74	-5.39	
187.97	8448.7	-9.73	-5.26	
188.01	8451	-9.76	-5.29	
188.06	8453.3	-10	-5.15	
188.1	8455.6	-9.82	-5.33	
188.15	8457.8	-9.89	-5.23	
188.19	8460.1	-9.92	-5.2	
188.24	8462.3	-10.15	-5.13	
188.28	8464.5	-10.11	-5.61	
188.33	8466.7	-10.03	-5.51	
188.37	8468.9	-10.11	-5.56	
188.42	8471.1	-10.26	-5.33	
188.46	8473.2	-9.99	-5.44	
188.51	8475.3	-10.16	-5.52	
188.55	8477.5	-10.08	-5.34	
188.6	8479.6	-10.24	-5.34	
188.64	8481.6	-10.07	-4.76	
188.69	8483.7	-9.98	-4.61	
188.73	8485.7	-9.87	-4.62	
188.77	8487.8	-10.21	-4.59	
188.82	8489.8	-9.85	-4.15	
188.86	8491.8	-10.49	-4.38	
188.91	8493.8	-9.98	-4.21	
188.95	8495.7	-10.13	-4.12	
189	8497.7	-10.07	-4.6	
189.04	8499.6	-9.97	-4.44	
189.09	8501.5	-9.86	-4.38	
189.13	8503.3	-10.02	-4.63	
189.18	8505.2	-9.78	-4.99	
189.22	8507	-9.8	-4.8	
189.27	8508.9	-9.7	-4.53	
189.31	8510.7	-9.91	-4.8	
189.36	8512.4	-9.75	-4.54	
189.4	8514.2	-9.82	-5.12	
189.45	8515.9	-9.68	-4.96	
189.49	8517.6	-10.03	-5.13	
189.53	8519.3	-9.78	-4.94	
189.58	8521	-9.94	-4.91	
189.62	8522.6	-9.84	-4.97	
189.67	8524.2	-10.04	-5.27	
189.71	8525.8	-9.9	-5.17	
189.76	8527.4	-9.93	-4.8	
189.8	8528.9	-9.91	-5.2	
189.85	8530.5	-9.92	-4.88	
189.89	8532	-9.85	-4.48	
189.94	8533.4	-10.06	-4.68	
189.98	8534.9	-9.95	-4.15	
190.03	8536.3	-9.95	-4.79	
190.07	8537.7	-10.11	-4.72	
190.12	8539.1	-9.92	-4.39	
190.16	8540.4	-9.99	-4.38	
190.21	8541.7	-10	-4.31	
190.29	8544.4	-9.97	-4.72	
190.38	8546.9	-9.86	-4.63	
190.47	8549.4	-9.78	-4.81	
190.56	8551.9	-10.05	-5.31	
190.65	8554.3	-10.04	-4.92	
190.74	8556.6	-9.96	-4.72	
190.83	8559	-10	-4.22	
190.92	8561.3	-9.99	-4.36	
191.01	8563.5	-9.87	-4.42	
191.1	8565.8	-9.9	-4.9	
191.19	8568	-9.97	-5.28	
191.28	8570.2	-9.95	-5.16	
191.37	8572.5	-9.89	-4.86	
191.46	8574.7	-10.02	-4.82	
191.55	8576.9	-10.1	-4.77	
191.64	8579.1	-9.93	-4.49	
191.73	8581.3	-9.74	-4.35	
191.81	8583.6	-9.77	-4.9	
191.9	8585.9	-9.58	-5.05	
191.99	8588.2	-9.72	-4.88	
192.08	8590.5	-9.81	-4.83	
192.17	8592.9	-9.97	-5.23	
192.26	8595.3	-9.95	-5.03	
192.35	8597.8	-9.84	-4.85	
192.44	8600.3	-9.71	-4.82	
192.53	8602.9	-9.82	-4.72	
192.62	8605.5	-9.79	-4.33	
192.71	8608.2	-9.87	-4.42	
192.8	8611	-9.76	-4.31	
192.89	8613.8	-9.81	-4.46	
192.98	8616.7	-9.6	-4.74	
193.07	8619.6	-9.72	-4.39	
193.16	8622.6	-9.61	-4.22	
193.24	8625.7	-9.65	-4.14	
193.33	8628.8	-9.73	-4.74	
193.42	8631.9	-9.86	-4.8	
193.51	8635.1	-9.72	-4.33	
193.6	8638.4	-10.01	-4.58	
193.69	8641.7	-10.04	-4.61	
193.78	8645.1	-10.2	-4.76	
193.87	8648.5	-10.17	-4.68	
193.96	8652	-10.21	-4.68	
194.05	8655.5	-10.14	-4.24	
194.14	8659.1	-10.09	-4.3	
194.23	8662.7	-9.78	-4.17	
194.32	8666.3	-10	-4.86	
194.41	8670	-10.08	-4.89	
194.5	8673.8	-9.98	-5.15	
194.59	8677.6	-9.99	-5.03	
194.68	8681.4	-10.03	-4.82	
194.76	8685.3	-9.89	-4.81	
194.85	8689.2	-9.88	-4.98	
194.94	8693.2	-9.76	-4.93	
195.03	8697.2	-9.99	-5.3	
195.12	8701.2	-9.81	-4.61	
195.21	8705.3	-10.07	-4.3	
195.3	8709.4	-10.05	-3.94	
195.39	8713.6	-10.05	-4	
195.48	8717.8	-10	-3.9	
195.57	8722	-9.87	-3.87	
195.66	8726.3	-9.98	-3.64	
195.75	8730.6	-9.99	-4	
195.84	8734.9	-10.12	-4.77	
195.93	8739.3	-9.88	-4.53	
196.02	8743.7	-10.02	-4.52	
196.11	8748.1	-9.89	-4.68	
196.2	8752.5	-9.99	-4.66	
196.28	8757	-10.01	-4.88	
196.37	8761.5	-10.12	-5	
196.46	8766.1	-10.15	-5.28	
196.55	8770.6	-9.98	-5.35	
196.64	8775.2	-9.95	-5.14	
196.73	8779.8	-10.26	-4.57	
196.82	8784.5	-10.3	-4.68	
196.91	8789.1	-10.16	-4.53	
197	8793.8	-10.27	-4.53	
197.09	8798.5	-10.41	-4.5	
197.18	8803.2	-10.28	-4.65	
197.27	8808	-10.2	-4.71	
197.36	8812.8	-10.05	-4.76	
197.45	8817.5	-10.17	-4.81	
197.54	8822.3	-10.01	-4.43	
197.63	8827.2	-9.98	-4.63	
197.71	8832	-9.99	-4.87	
197.8	8836.8	-10.17	-5.09	
197.89	8841.7	-9.87	-4.67	
197.98	8846.6	-10.09	-4.66	
198.07	8851.5	-10.04	-4.57	
198.16	8856.4	-10.15	-4.39	
198.25	8861.3	-10.11	-4.34	
198.34	8866.2	-10.15	-4.35	
198.43	8871.1	-10.13	-4.91	
198.52	8876.1	-10.13	-4.43	
198.61	8881	-10.11	-4.72	
198.7	8886	-10.06	-4.43	
198.79	8891	-10.09	-4.13	
199.15	8910.9	-10.19	-4.47	